52638321787
855779448
41250908755
71531002628
4317243210
82348396266
76837242877
26332391104
86624438235
28584150665
17672783012
3701338574
38853363578
66241307021
38918889031
65265937465
96180348054
52878422667
65639714019
94851373753
65401582944
6139223176
64013326718
18437915531
34103703912
89667534639
62445488070
1675981417
29977052731
38228939809
44885047736
16974716226
42258633116
42884401465
69723769290
71620563199
95226989163
72191804321
51808431227
50935481268
42639179606
83122286309
99662815169
44075217681
44305291910
95509998468
97732765283
48256675348
92755937839
24729724742
95006790063
36371363939
45456968940
78727135287
57949469858
40757480702
88789520610
65213997401
34960395913
55988925357
24462900548
70741116382
47077612415
25164775836
81016394243
86669767691
68333339926
69731663686
48377103659
28926218661
56480887807
77024329414
72782240062
34408102958
28713129953
25192370003
19864401035
31782911273
4885125928
87733099991
7561380151
15108741421
15306068696
32806464021
20330162884
48938890787
99510750079
6146017932
96099789691
31189638311
63696092743
39116269570
16219520182
66984592334
16440876841
15636861799
10112742524
84282508832
19186513748
81217178167